version 1
2D
17
1 -0.03645835 -0.00963542 0.00000000 2
"clr"=F[0.75000000,0.75000000,0.75000000]
"s"=i3
1 0.01197917 -0.03098959 0.00000000 2
"clr"=F[0.50000000,0.50000000,0.50000000]
"s"=i2
1 0.04166666 -0.00859375 0.00000000 2
"clr"=F[1.00000000,1.00000000,1.00000000]
"s"=i4
1 -0.01354167 0.04036459 0.00000000 2
"clr"=F[0.25000000,0.25000000,0.25000000]
"s"=i1
1 0.04218749 0.01223958 0.00000000 2
"clr"=F[0.50000000,0.50000000,0.50000000]
"s"=i2
0 -0.06730529 -0.07650107 0.00000000 2
"clr"=F[0.00000000,0.00000000,0.00000000]
"s"=i0
1 0.01250000 0.04140626 0.00000000 2
"clr"=F[0.75000000,0.75000000,0.75000000]
"s"=i3
1 -0.03645835 0.03984375 0.00000000 2
"clr"=F[0.25000000,0.25000000,0.25000000]
"s"=i1
1 0.04114582 -0.03151043 0.00000000 2
"clr"=F[0.00000000,0.00000000,0.00000000]
"s"=i0
1 0.04166666 0.04088542 0.00000000 2
"clr"=F[4.50000000,4.50000000,4.50000000]
"s"=i18
1 0.01302083 0.01276042 0.00000000 2
"clr"=F[1.00000000,1.00000000,1.00000000]
"s"=i4
1 -0.03593751 0.01119792 0.00000000 2
"clr"=F[0.50000000,0.50000000,0.50000000]
"s"=i2
1 -0.01302083 0.01171875 0.00000000 2
"clr"=F[0.50000000,0.50000000,0.50000000]
"s"=i2
1 -0.01354167 -0.00911459 0.00000000 2
"clr"=F[1.00000000,1.00000000,1.00000000]
"s"=i4
1 -0.03697918 -0.03255209 0.00000000 2
"clr"=F[0.00000000,0.00000000,0.00000000]
"s"=i0
1 -0.01406250 -0.03203126 0.00000000 2
"clr"=F[0.75000000,0.75000000,0.75000000]
"s"=i3
1 0.01250000 -0.00807292 0.00000000 2
"clr"=F[0.25000000,0.25000000,0.25000000]
"s"=i1
25
16 1 0
15 1 0
16 2 0
13 16 0
7 3 0
14 5 0
12 13 0
12 10 0
2 8 0
14 15 0
10 4 0
4 9 0
3 6 0
14 0 0
1 8 0
4 2 0
6 9 0
3 12 0
15 13 0
11 12 0
0 13 0
10 6 0
10 16 0
0 11 0
11 7 0
10
16 0 1 2 3 4 6 7 8 9 10 11 12 13 14 15 16
0
0
0
0
0
0
0
0
0
2
27 byte node script sandpile init
N.s = 0;
N.setColor(0,0,0);
183 byte node script sandpile fire
if(N.s>=gamma(N).size()) {
	N.s -= gamma(N).size();
	N.setColor(N.s*0.25,N.s*0.25,N.s*0.25);
	gamma(N).forEach(function (M) {
		M.s++;
		M.setColor(M.s*0.25,M.s*0.25,M.s*0.25);
	});
}
